367932654 0.00243506493506 0.00146103896104 0.00113636363636 0.000811688311688 0.00373376623377 0.266071428571 0.00275974025974 0.00211038961039 0.00892857142857 0.00340909090909 0.274837662338 0.345616883117 0.0573051948052 0.00600649350649 0.000811688311688 0.00275974025974 0.00373376623377 0.00568181818182 0.00957792207792 0.000811688311688
181942679 0.0130434782609 0.00531400966184 0.0024154589372 0.0024154589372 0.00338164251208 0.452657004831 0.00531400966184 0.0024154589372 0.012077294686 0.0101449275362 0.0719806763285 0.012077294686 0.275845410628 0.00628019323671 0.00531400966184 0.0169082125604 0.00338164251208 0.0845410628019 0.00628019323671 0.00821256038647
28018958 0.00263466042155 0.00204918032787 0.00322014051522 0.00146370023419 0.00263466042155 0.179449648712 0.0336651053864 0.00146370023419 0.00263466042155 0.382025761124 0.190573770492 0.00146370023419 0.0406908665105 0.00848946135831 0.00204918032787 0.0231264637002 0.0360070257611 0.0172716627635 0.030737704918 0.0383489461358
18558809 0.00248332623812 0.000780473960551 0.000638569604087 0.000496665247623 0.000354760891159 0.283028238967 0.012558535547 0.000922378317014 0.00134809138641 0.032425145452 0.28331204768 0.337235703136 0.0254718319852 0.0131261529729 0.000354760891159 0.000780473960551 0.00148999574287 0.000780473960551 0.0017738044558 0.000638569604087
65046098 0.001175716118 0.001175716118 0.000748182984181 0.000534416417272 0.00138948268491 0.216652415562 0.00160324925182 0.000534416417272 0.00224454895254 0.00416844805472 0.336147926464 0.345981188542 0.0407225309962 0.000748182984181 0.000748182984181 0.000534416417272 0.0424326635314 0.00096194955109 0.00096194955109 0.000534416417272
1653082364 0.00984251968504 0.00984251968504 0.0177165354331 0.00984251968504 0.00984251968504 0.19094488189 0.0137795275591 0.00984251968504 0.0137795275591 0.454724409449 0.124015748031 0.00984251968504 0.0177165354331 0.0177165354331 0.00984251968504 0.0177165354331 0.0137795275591 0.00984251968504 0.0255905511811 0.0137795275591
14497828 0.00247699929229 0.0031847133758 0.0031847133758 0.00176928520878 0.00601556970984 0.296178343949 0.427813163482 0.00176928520878 0.00460014154282 0.0463552724699 0.108634111819 0.00247699929229 0.052016985138 0.00176928520878 0.00530785562633 0.00247699929229 0.014508138712 0.00247699929229 0.00743099787686 0.00955414012739
2396756455 0.0042662116041 0.0042662116041 0.00767918088737 0.00597269624573 0.00597269624573 0.0571672354949 0.0042662116041 0.0110921501706 0.00767918088737 0.00938566552901 0.05204778157 0.00597269624573 0.0162116040956 0.0042662116041 0.0042662116041 0.0230375426621 0.0196245733788 0.73976109215 0.00938566552901 0.00767918088737
37020028 0.0201742627346 0.00583109919571 0.0019436997319 0.0093163538874 0.00851206434316 0.2331769437 0.0213806970509 0.000603217158177 0.00851206434316 0.187064343164 0.153284182306 0.00408847184987 0.189611260054 0.00368632707775 0.00180965147453 0.0184316353887 0.0236595174263 0.00730563002681 0.00623324396783 0.0953753351206
2493288582 0.028125 0.015625 0.015625 0.015625 0.015625 0.146875 0.028125 0.021875 0.028125 0.171875 0.096875 0.046875 0.040625 0.053125 0.040625 0.028125 0.034375 0.040625 0.028125 0.103125
65664359 0.00772681954138 0.00373878364905 0.00324027916251 0.00124626121635 0.00224327018943 0.309322033898 0.009222333001 0.00822532402792 0.00274177467597 0.00772681954138 0.121884346959 0.193170488534 0.252492522433 0.00473579262213 0.00224327018943 0.00124626121635 0.0371385842473 0.0137088733799 0.00473579262213 0.0132103688933
1009195424 0.01171875 0.00651041666667 0.01171875 0.00651041666667 0.0143229166667 0.196614583333 0.01171875 0.00651041666667 0.00911458333333 0.0143229166667 0.279947916667 0.290364583333 0.0481770833333 0.01953125 0.00651041666667 0.01171875 0.0143229166667 0.0221354166667 0.00651041666667 0.01171875
940503344 0.0032981530343 0.0032981530343 0.0032981530343 0.0032981530343 0.00593667546174 0.215699208443 0.0244063324538 0.00593667546174 0.0032981530343 0.0771767810026 0.410949868074 0.187994722955 0.00857519788918 0.00593667546174 0.0032981530343 0.0098944591029 0.0032981530343 0.0151715039578 0.0032981530343 0.00593667546174
2430339284 0.0324675324675 0.0324675324675 0.0454545454545 0.0324675324675 0.0324675324675 0.0844155844156 0.0324675324675 0.0324675324675 0.0584415584416 0.0454545454545 0.0324675324675 0.0324675324675 0.0454545454545 0.0324675324675 0.0454545454545 0.0324675324675 0.0584415584416 0.136363636364 0.0584415584416 0.0974025974026
531291518 0.0205056179775 0.00421348314607 0.0109550561798 0.0238764044944 0.0182584269663 0.159269662921 0.00252808988764 0.311516853933 0.0508426966292 0.0064606741573 0.00421348314607 0.00196629213483 0.325 0.00196629213483 0.00196629213483 0.00983146067416 0.00814606741573 0.0328651685393 0.00421348314607 0.00140449438202
14655279 0.000480584390619 0.000480584390619 0.000480584390619 0.000480584390619 0.000865051903114 0.00720876585928 0.000865051903114 0.962802768166 0.000865051903114 0.00990003844675 0.00317185697809 0.00509419454056 0.00317185697809 0.000480584390619 0.000480584390619 0.000480584390619 0.000865051903114 0.000672818146867 0.000672818146867 0.000480584390619
1701683294 0.00618131868132 0.00343406593407 0.00343406593407 0.00343406593407 0.00480769230769 0.0322802197802 0.0116758241758 0.00343406593407 0.00892857142857 0.0116758241758 0.0130494505495 0.00755494505495 0.0309065934066 0.00343406593407 0.00343406593407 0.00618131868132 0.00755494505495 0.819368131868 0.0144230769231 0.00480769230769
66126399 0.0254691689008 0.0174262734584 0.0120643431635 0.00670241286863 0.0951742627346 0.116621983914 0.00938337801609 0.00938337801609 0.0335120643432 0.00670241286863 0.0120643431635 0.00670241286863 0.449061662198 0.00938337801609 0.00670241286863 0.014745308311 0.111260053619 0.0174262734584 0.0254691689008 0.014745308311
125468683 0.0396825396825 0.0396825396825 0.0396825396825 0.0396825396825 0.0555555555556 0.0555555555556 0.0873015873016 0.0396825396825 0.0396825396825 0.0714285714286 0.0555555555556 0.0396825396825 0.0396825396825 0.0396825396825 0.0396825396825 0.0714285714286 0.0396825396825 0.0714285714286 0.0555555555556 0.0396825396825
2766575324 0.0151515151515 0.0515151515152 0.0151515151515 0.0151515151515 0.0151515151515 0.1 0.0454545454545 0.0151515151515 0.0151515151515 0.275757575758 0.0636363636364 0.0333333333333 0.0272727272727 0.0151515151515 0.0212121212121 0.0151515151515 0.0757575757576 0.0212121212121 0.118181818182 0.0454545454545
342737639 0.000408163265306 0.000291545189504 0.000291545189504 0.000291545189504 0.000408163265306 0.329737609329 0.00064139941691 0.000524781341108 0.000408163265306 0.0373760932945 0.282857142857 0.298833819242 0.0388921282799 0.00390670553936 0.000291545189504 0.00110787172012 0.000524781341108 0.00169096209913 0.000524781341108 0.000991253644315
183289988 0.00862068965517 0.00862068965517 0.00331564986737 0.00464190981432 0.00862068965517 0.243368700265 0.00994694960212 0.00994694960212 0.00464190981432 0.102785145889 0.0603448275862 0.0112732095491 0.204907161804 0.00464190981432 0.013925729443 0.0152519893899 0.0152519893899 0.00994694960212 0.0152519893899 0.244694960212
912583795 0.000502124372345 0.000579374275782 0.00127462340672 0.000502124372345 0.00305137118579 0.326110467362 0.00127462340672 0.000270374662032 0.00065662417922 0.119853225183 0.332831208961 0.140710699112 0.0230590961761 0.00227887215141 0.000733874082657 0.0223638470452 0.00119737350328 0.0149478563152 0.00359212050985 0.00421011973735
154532994 0.00108648413733 0.00108648413733 0.00108648413733 0.00108648413733 0.00108648413733 0.246631899174 0.0358539765319 0.00152107779226 0.00239026510213 0.30704041721 0.294437201217 0.00760538896132 0.0136897001304 0.0019556714472 0.00108648413733 0.00108648413733 0.0149934810952 0.00325945241199 0.0115167318557 0.0514993481095
1376839544 0.00675675675676 0.00675675675676 0.00482625482625 0.00482625482625 0.00868725868726 0.0183397683398 0.0106177606178 0.00675675675676 0.00482625482625 0.0164092664093 0.0183397683398 0.0144787644788 0.0859073359073 0.00482625482625 0.00482625482625 0.00868725868726 0.0144787644788 0.724903474903 0.0260617760618 0.00868725868726
16259228 0.089364844904 0.00812407680945 0.00516986706056 0.00369276218612 0.0096011816839 0.229689807976 0.00664697193501 0.00516986706056 0.0612998522895 0.0184638109306 0.197193500739 0.108567208272 0.107090103397 0.00369276218612 0.00369276218612 0.00516986706056 0.033234859675 0.0908419497784 0.00812407680945 0.00516986706056
27503607 0.00323415265201 0.0019404915912 0.0015092712376 0.0028029322984 0.00452781371281 0.170978870203 0.00366537300561 0.0015092712376 0.00323415265201 0.00409659335921 0.406856403622 0.34432945235 0.0028029322984 0.0015092712376 0.001078050884 0.001078050884 0.0023717119448 0.0135834411384 0.0028029322984 0.0260888313928
551853764 0.0134408602151 0.0188172043011 0.0295698924731 0.0134408602151 0.0188172043011 0.228494623656 0.16935483871 0.0241935483871 0.0188172043011 0.0241935483871 0.0672043010753 0.0134408602151 0.158602150538 0.0241935483871 0.0134408602151 0.0134408602151 0.0241935483871 0.0887096774194 0.0134408602151 0.0241935483871
21836409 0.0375 0.0291666666667 0.0208333333333 0.0208333333333 0.0208333333333 0.1125 0.0208333333333 0.0291666666667 0.0291666666667 0.0208333333333 0.0208333333333 0.0208333333333 0.2625 0.0375 0.0208333333333 0.0708333333333 0.0875 0.0541666666667 0.0541666666667 0.0291666666667
2431480514 0.00674373795761 0.00867052023121 0.00481695568401 0.00481695568401 0.00867052023121 0.0549132947977 0.0163776493256 0.00674373795761 0.00674373795761 0.00481695568401 0.014450867052 0.00481695568401 0.014450867052 0.00674373795761 0.00674373795761 0.00674373795761 0.00867052023121 0.798651252408 0.0105973025048 0.00481695568401
2531388942 0.0384615384615 0.0384615384615 0.0384615384615 0.0384615384615 0.0384615384615 0.1 0.0538461538462 0.0384615384615 0.0384615384615 0.0384615384615 0.0692307692308 0.0692307692308 0.0384615384615 0.0384615384615 0.0538461538462 0.0538461538462 0.0538461538462 0.0538461538462 0.0384615384615 0.0692307692308
2468862296 0.00531914893617 0.00744680851064 0.00531914893617 0.00531914893617 0.00744680851064 0.013829787234 0.00744680851064 0.00744680851064 0.00531914893617 0.0159574468085 0.0265957446809 0.0393617021277 0.00744680851064 0.00744680851064 0.00744680851064 0.00957446808511 0.013829787234 0.790425531915 0.0117021276596 0.00531914893617
892111028 0.0126146788991 0.0149082568807 0.00802752293578 0.00573394495413 0.00573394495413 0.202981651376 0.0103211009174 0.00573394495413 0.0240825688073 0.0103211009174 0.127293577982 0.434633027523 0.0561926605505 0.00573394495413 0.0172018348624 0.0172018348624 0.0126146788991 0.0103211009174 0.00573394495413 0.0126146788991
592182458 0.000470455400828 0.00122318404215 0.00122318404215 0.000470455400828 0.00216409484381 0.259597290177 0.216879939782 0.0177832141513 0.00668046669176 0.0891042529168 0.218573579225 0.00310500564546 0.0574896499812 0.00348136996613 0.000658637561159 0.00837410613474 0.00423409860745 0.00498682724878 0.000658637561159 0.102841550621
2446188294 0.00710900473934 0.0102685624013 0.0118483412322 0.00394944707741 0.0134281200632 0.067140600316 0.0118483412322 0.00552922590837 0.00394944707741 0.0134281200632 0.0292259083728 0.00394944707741 0.0481832543444 0.00552922590837 0.00394944707741 0.0276461295419 0.0323854660348 0.675355450237 0.019747235387 0.00552922590837
2807332739 0.0127737226277 0.0127737226277 0.0273722627737 0.00912408759124 0.00912408759124 0.0200729927007 0.00912408759124 0.0127737226277 0.00912408759124 0.00912408759124 0.0164233576642 0.00912408759124 0.0273722627737 0.00912408759124 0.0346715328467 0.0200729927007 0.0127737226277 0.0127737226277 0.713503649635 0.0127737226277
2423839164 0.00610820244328 0.00610820244328 0.0043630017452 0.0043630017452 0.00785340314136 0.0183246073298 0.0043630017452 0.00610820244328 0.0043630017452 0.00610820244328 0.0043630017452 0.00785340314136 0.0375218150087 0.0043630017452 0.00785340314136 0.0165794066318 0.0113438045375 0.833333333333 0.0043630017452 0.0043630017452
1034255606 0.209923664122 0.0190839694656 0.0190839694656 0.0190839694656 0.0190839694656 0.0648854961832 0.0190839694656 0.0801526717557 0.0190839694656 0.0267175572519 0.0343511450382 0.0190839694656 0.0496183206107 0.0419847328244 0.0190839694656 0.0190839694656 0.263358778626 0.0190839694656 0.0190839694656 0.0190839694656
48366417 0.0274725274725 0.0384615384615 0.0274725274725 0.0274725274725 0.0274725274725 0.115384615385 0.225274725275 0.0274725274725 0.0384615384615 0.0384615384615 0.148351648352 0.0274725274725 0.0384615384615 0.0274725274725 0.0274725274725 0.0274725274725 0.0274725274725 0.0274725274725 0.0274725274725 0.0274725274725
49226489 0.0125628140704 0.0175879396985 0.0125628140704 0.0125628140704 0.0226130653266 0.103015075377 0.0175879396985 0.339195979899 0.0125628140704 0.0276381909548 0.153266331658 0.128140703518 0.0376884422111 0.0125628140704 0.0125628140704 0.0125628140704 0.0125628140704 0.0125628140704 0.0276381909548 0.0125628140704
438201837 0.0037037037037 0.0037037037037 0.0016835016835 0.0016835016835 0.0023569023569 0.0407407407407 0.0023569023569 0.0016835016835 0.00505050505051 0.0023569023569 0.0023569023569 0.0016835016835 0.0158249158249 0.0016835016835 0.890572390572 0.0016835016835 0.00976430976431 0.0037037037037 0.00572390572391 0.0016835016835
14913837 0.0232273838631 0.00611246943765 0.0134474327628 0.00855745721271 0.00855745721271 0.238386308068 0.00611246943765 0.00611246943765 0.0256723716381 0.00611246943765 0.0330073349633 0.018337408313 0.199266503667 0.00611246943765 0.00611246943765 0.0330073349633 0.321515892421 0.0158924205379 0.0134474327628 0.0110024449878
885571634 0.0187969924812 0.0187969924812 0.0187969924812 0.0187969924812 0.0263157894737 0.0639097744361 0.0413533834586 0.0263157894737 0.0187969924812 0.0789473684211 0.161654135338 0.251879699248 0.0338345864662 0.0187969924812 0.0187969924812 0.0187969924812 0.0714285714286 0.0338345864662 0.0187969924812 0.0413533834586
1660069723 0.00775862068966 0.00431034482759 0.00603448275862 0.00948275862069 0.00603448275862 0.026724137931 0.00603448275862 0.00603448275862 0.00431034482759 0.025 0.00948275862069 0.0198275862069 0.0198275862069 0.0129310344828 0.00775862068966 0.00948275862069 0.0215517241379 0.785344827586 0.00775862068966 0.00431034482759
2379700903 0.0411764705882 0.0529411764706 0.0294117647059 0.0294117647059 0.0411764705882 0.111764705882 0.0294117647059 0.0294117647059 0.0294117647059 0.0882352941176 0.0764705882353 0.0411764705882 0.158823529412 0.0294117647059 0.0294117647059 0.0411764705882 0.0294117647059 0.0411764705882 0.0294117647059 0.0411764705882
1015618196 0.0068870523416 0.0234159779614 0.00964187327824 0.0068870523416 0.0151515151515 0.296143250689 0.0151515151515 0.0068870523416 0.0179063360882 0.0426997245179 0.133608815427 0.293388429752 0.0454545454545 0.0206611570248 0.0068870523416 0.00964187327824 0.0123966942149 0.0123966942149 0.0151515151515 0.00964187327824
302783968 0.00323866467364 0.00224215246637 0.00323866467364 0.00174389636273 0.00323866467364 0.283258594918 0.00772296960638 0.00423517688092 0.00174389636273 0.283756851021 0.272795216741 0.0490782262083 0.0460886895864 0.00124564025909 0.00274040857 0.00323866467364 0.00373692077728 0.0166915794718 0.00722471350274 0.00274040857
38024066 0.0098814229249 0.0098814229249 0.0138339920949 0.0098814229249 0.0217391304348 0.0415019762846 0.0098814229249 0.0098814229249 0.0098814229249 0.0138339920949 0.0375494071146 0.0138339920949 0.148221343874 0.0138339920949 0.0217391304348 0.175889328063 0.0177865612648 0.0889328063241 0.322134387352 0.0098814229249
51923666 0.0362903225806 0.0201612903226 0.0201612903226 0.0201612903226 0.0282258064516 0.237903225806 0.0201612903226 0.0443548387097 0.0362903225806 0.0362903225806 0.0362903225806 0.0282258064516 0.0524193548387 0.0362903225806 0.0282258064516 0.116935483871 0.0443548387097 0.0604838709677 0.0685483870968 0.0282258064516
172314205 0.000443993403527 0.0964734238234 0.000317138145376 0.000317138145376 0.000317138145376 0.162184447545 0.000317138145376 0.00348851959914 0.043828491691 0.000317138145376 0.000317138145376 0.000317138145376 0.190346314855 0.00107826969428 0.000317138145376 0.000317138145376 0.498350881644 0.000317138145376 0.000317138145376 0.000317138145376
1716623048 0.00808249721293 0.00139353400223 0.00306577480491 0.48745819398 0.00139353400223 0.07497212932 0.00139353400223 0.00139353400223 0.00250836120401 0.359810479376 0.0175585284281 0.00195094760312 0.00473801560758 0.00139353400223 0.00139353400223 0.00195094760312 0.0170011148272 0.00919732441472 0.00195094760312 0.00139353400223
59663618 0.00521436848204 0.013325608343 0.00289687137891 0.00289687137891 0.039976825029 0.290266512167 0.00289687137891 0.00289687137891 0.0179606025492 0.00869061413673 0.0098493626883 0.00405561993048 0.549826187717 0.00753186558517 0.00289687137891 0.0098493626883 0.0098493626883 0.0063731170336 0.00521436848204 0.00753186558517
15954803 0.0035046728972 0.0525700934579 0.00194704049844 0.00194704049844 0.117990654206 0.203660436137 0.00506230529595 0.0035046728972 0.011292834891 0.0229750778816 0.00194704049844 0.0510124610592 0.367211838006 0.00817757009346 0.00272585669782 0.0478971962617 0.0120716510903 0.029984423676 0.0525700934579 0.00194704049844
275397354 0.00179597701149 0.00179597701149 0.473778735632 0.00395114942529 0.00323275862069 0.0434626436782 0.296336206897 0.00251436781609 0.00251436781609 0.0535201149425 0.0549568965517 0.00323275862069 0.00179597701149 0.00179597701149 0.00395114942529 0.00179597701149 0.0269396551724 0.00682471264368 0.00395114942529 0.0118534482759
295278719 0.000309674222718 0.000309674222718 0.000309674222718 0.000309674222718 0.000929022668153 0.315186423882 0.000681283289979 0.000309674222718 0.000433543911805 0.000309674222718 0.00439737396259 0.000433543911805 0.665242165242 0.000309674222718 0.000309674222718 0.00130063173541 0.0042735042735 0.00278706800446 0.000929022668153 0.000929022668153
2494051256 0.0409836065574 0.0409836065574 0.0409836065574 0.0409836065574 0.0409836065574 0.0573770491803 0.0409836065574 0.0409836065574 0.0409836065574 0.122950819672 0.0573770491803 0.0573770491803 0.0409836065574 0.0409836065574 0.0409836065574 0.0573770491803 0.0409836065574 0.0409836065574 0.0573770491803 0.0573770491803
20215316 0.00760869565217 0.0054347826087 0.00760869565217 0.0054347826087 0.0163043478261 0.157608695652 0.0054347826087 0.0054347826087 0.0054347826087 0.00760869565217 0.344565217391 0.359782608696 0.0163043478261 0.0054347826087 0.0054347826087 0.00760869565217 0.00760869565217 0.0141304347826 0.0054347826087 0.00978260869565
601076863 0.00166051660517 0.00166051660517 0.000922509225092 0.00129151291513 0.000922509225092 0.359594095941 0.00276752767528 0.00129151291513 0.00424354243542 0.0130996309963 0.302767527675 0.235608856089 0.059963099631 0.000922509225092 0.00129151291513 0.00424354243542 0.00166051660517 0.00166051660517 0.000922509225092 0.00350553505535
179105035 0.00431778929188 0.00777202072539 0.00431778929188 0.00604490500864 0.00604490500864 0.080310880829 0.00777202072539 0.00777202072539 0.00777202072539 0.0112262521589 0.00949913644214 0.00949913644214 0.455094991364 0.00431778929188 0.00431778929188 0.0682210708117 0.00777202072539 0.246113989637 0.00777202072539 0.0440414507772
705417536 0.0187165775401 0.0133689839572 0.024064171123 0.0133689839572 0.0133689839572 0.200534759358 0.0508021390374 0.0187165775401 0.024064171123 0.0133689839572 0.114973262032 0.0133689839572 0.0989304812834 0.0133689839572 0.0133689839572 0.0133689839572 0.0347593582888 0.0133689839572 0.0347593582888 0.25935828877
2429446958 0.00530785562633 0.00530785562633 0.00530785562633 0.00743099787686 0.00530785562633 0.0222929936306 0.0329087048832 0.00743099787686 0.0116772823779 0.00743099787686 0.0138004246285 0.0307855626327 0.015923566879 0.00530785562633 0.00530785562633 0.00530785562633 0.00955414012739 0.790870488323 0.00530785562633 0.00743099787686
1912955023 0.0316455696203 0.0443037974684 0.0443037974684 0.0316455696203 0.0316455696203 0.0443037974684 0.0316455696203 0.0316455696203 0.0316455696203 0.183544303797 0.0822784810127 0.0316455696203 0.0696202531646 0.0569620253165 0.0316455696203 0.0443037974684 0.0443037974684 0.0443037974684 0.0443037974684 0.0443037974684
2413296312 0.00481430536451 0.00481430536451 0.00343878954608 0.00481430536451 0.00618982118294 0.0309491059147 0.00343878954608 0.00343878954608 0.00481430536451 0.00481430536451 0.0378266850069 0.00618982118294 0.0130674002751 0.00481430536451 0.00343878954608 0.00481430536451 0.00481430536451 0.846629986245 0.00343878954608 0.00343878954608
607622157 0.0357142857143 0.0357142857143 0.0357142857143 0.0357142857143 0.0357142857143 0.135714285714 0.0357142857143 0.0357142857143 0.0357142857143 0.0357142857143 0.121428571429 0.05 0.107142857143 0.05 0.0357142857143 0.0357142857143 0.0357142857143 0.0357142857143 0.0357142857143 0.0357142857143
255296633 0.023381294964 0.0089928057554 0.0089928057554 0.0089928057554 0.0089928057554 0.0629496402878 0.0197841726619 0.0125899280576 0.0161870503597 0.131294964029 0.228417266187 0.275179856115 0.023381294964 0.0125899280576 0.0089928057554 0.0629496402878 0.0125899280576 0.0125899280576 0.0269784172662 0.0341726618705
921292178 0.0180722891566 0.0100401606426 0.0100401606426 0.0100401606426 0.0100401606426 0.255020080321 0.0180722891566 0.0100401606426 0.0100401606426 0.0100401606426 0.327309236948 0.142570281124 0.0301204819277 0.0140562248996 0.0100401606426 0.0180722891566 0.0381526104418 0.0261044176707 0.0180722891566 0.0140562248996
12014232 0.124191926447 0.00984054015228 0.00251400660825 0.000359143801178 0.0072547047838 0.212253986496 0.0618445625629 0.000359143801178 0.0443183450654 0.00567447205861 0.0639994253699 0.00122108892401 0.203778192788 0.00122108892401 0.00064645884212 0.00265766412872 0.135684528085 0.048484413159 0.0605516448786 0.0131446631231
2438292686 0.0111111111111 0.00814814814815 0.0037037037037 0.00962962962963 0.00814814814815 0.0525925925926 0.0140740740741 0.0125925925926 0.0140740740741 0.00814814814815 0.0125925925926 0.0111111111111 0.017037037037 0.00518518518519 0.0037037037037 0.00666666666667 0.0214814814815 0.771111111111 0.0037037037037 0.00518518518519
267449695 0.00242980561555 0.00134989200864 0.0018898488121 0.00134989200864 0.00134989200864 0.142818574514 0.0499460043197 0.0018898488121 0.0240280777538 0.147138228942 0.374460043197 0.00134989200864 0.0164686825054 0.0018898488121 0.00134989200864 0.00134989200864 0.00404967602592 0.00134989200864 0.0018898488121 0.221652267819
2469919063 0.00519630484988 0.0040415704388 0.00288683602771 0.0040415704388 0.00519630484988 0.0109699769053 0.00866050808314 0.00519630484988 0.00519630484988 0.00866050808314 0.0190531177829 0.00635103926097 0.0121247113164 0.0040415704388 0.00288683602771 0.00635103926097 0.00635103926097 0.840069284065 0.0317551963048 0.0109699769053
2322102073 0.00504032258065 0.00907258064516 0.00504032258065 0.0070564516129 0.00907258064516 0.0715725806452 0.0151209677419 0.0070564516129 0.0131048387097 0.0211693548387 0.0131048387097 0.0332661290323 0.0131048387097 0.0070564516129 0.00504032258065 0.0070564516129 0.0272177419355 0.694556451613 0.0110887096774 0.0252016129032
73448937 0.030487804878 0.0548780487805 0.030487804878 0.030487804878 0.030487804878 0.0792682926829 0.030487804878 0.030487804878 0.0426829268293 0.030487804878 0.0426829268293 0.115853658537 0.164634146341 0.030487804878 0.0426829268293 0.030487804878 0.0548780487805 0.0670731707317 0.030487804878 0.030487804878
156482440 0.00527325023969 0.00527325023969 0.00335570469799 0.00239693192713 0.00431447746884 0.197986577181 0.00527325023969 0.00335570469799 0.0148609779482 0.0186960690316 0.0445829338447 0.0244487056568 0.135666347076 0.00239693192713 0.00239693192713 0.0254074784276 0.437679769895 0.0378715244487 0.0177372962608 0.0110258868648
874741914 0.115853658537 0.010162601626 0.010162601626 0.010162601626 0.0142276422764 0.323170731707 0.010162601626 0.0223577235772 0.0142276422764 0.0182926829268 0.0345528455285 0.119918699187 0.172764227642 0.010162601626 0.010162601626 0.010162601626 0.0142276422764 0.0426829268293 0.010162601626 0.0264227642276
1058740316 0.0352112676056 0.0352112676056 0.0352112676056 0.0352112676056 0.0352112676056 0.0633802816901 0.0633802816901 0.0352112676056 0.0633802816901 0.0352112676056 0.0352112676056 0.0352112676056 0.218309859155 0.0352112676056 0.0352112676056 0.0352112676056 0.0352112676056 0.0352112676056 0.0352112676056 0.0633802816901
28003949 0.000356989861488 0.00121376552906 0.000356989861488 0.000356989861488 0.000356989861488 0.222547479652 0.0179208910467 0.000356989861488 0.0030701128088 0.41360845352 0.223404255319 0.00906754248179 0.0347708125089 0.0029273168642 0.000356989861488 0.00392688847637 0.00435527631015 0.0156361559332 0.00149935741825 0.043909752963
2555446808 0.0367647058824 0.0367647058824 0.0367647058824 0.0661764705882 0.0367647058824 0.0514705882353 0.0367647058824 0.0367647058824 0.0367647058824 0.0367647058824 0.0661764705882 0.0367647058824 0.0367647058824 0.0367647058824 0.0367647058824 0.0367647058824 0.198529411765 0.0367647058824 0.0661764705882 0.0367647058824
624282852 0.00612745098039 0.00612745098039 0.00612745098039 0.00612745098039 0.00612745098039 0.238970588235 0.015931372549 0.00612745098039 0.0183823529412 0.00612745098039 0.0208333333333 0.00612745098039 0.160539215686 0.00612745098039 0.0110294117647 0.00612745098039 0.412990196078 0.00857843137255 0.0330882352941 0.0183823529412
1609081962 0.0328947368421 0.0328947368421 0.0328947368421 0.0328947368421 0.0328947368421 0.0986842105263 0.0328947368421 0.0460526315789 0.0460526315789 0.0592105263158 0.0460526315789 0.0328947368421 0.0723684210526 0.0460526315789 0.0328947368421 0.0328947368421 0.0592105263158 0.0855263157895 0.0460526315789 0.0986842105263
906620078 0.00851581508516 0.00608272506083 0.00608272506083 0.00608272506083 0.00608272506083 0.217761557178 0.00851581508516 0.00608272506083 0.00608272506083 0.147201946472 0.317518248175 0.103406326034 0.00608272506083 0.00608272506083 0.00608272506083 0.0206812652068 0.00851581508516 0.0863746958637 0.0206812652068 0.00608272506083
31502694 0.0145228215768 0.0145228215768 0.0103734439834 0.0103734439834 0.0145228215768 0.230290456432 0.0145228215768 0.0103734439834 0.0103734439834 0.338174273859 0.0477178423237 0.0186721991701 0.0435684647303 0.0145228215768 0.0103734439834 0.0352697095436 0.0103734439834 0.0394190871369 0.0186721991701 0.0933609958506
2451838284 0.00393700787402 0.00393700787402 0.00551181102362 0.00393700787402 0.00551181102362 0.0212598425197 0.00866141732283 0.00393700787402 0.00866141732283 0.0244094488189 0.0181102362205 0.00708661417323 0.0196850393701 0.00393700787402 0.00551181102362 0.0102362204724 0.0165354330709 0.81811023622 0.00551181102362 0.00551181102362
2462740813 0.00549450549451 0.00863422291994 0.00392464678179 0.00392464678179 0.00549450549451 0.041601255887 0.0117739403454 0.00392464678179 0.00392464678179 0.00392464678179 0.00549450549451 0.00392464678179 0.0290423861852 0.00863422291994 0.00392464678179 0.00706436420722 0.0102040816327 0.824960753532 0.0102040816327 0.00392464678179
64293519 0.0308641975309 0.0308641975309 0.0555555555556 0.29012345679 0.0308641975309 0.0308641975309 0.0308641975309 0.0308641975309 0.0308641975309 0.0308641975309 0.0308641975309 0.0308641975309 0.0308641975309 0.0308641975309 0.0432098765432 0.0308641975309 0.0308641975309 0.0308641975309 0.0432098765432 0.104938271605
16381764 0.00257936507937 0.0188492063492 0.00138888888889 0.000992063492063 0.0263888888889 0.223214285714 0.12123015873 0.000992063492063 0.0402777777778 0.00337301587302 0.0196428571429 0.00138888888889 0.186706349206 0.00138888888889 0.00218253968254 0.000992063492063 0.307341269841 0.0136904761905 0.000992063492063 0.0263888888889
23978832 0.299217002237 0.0072706935123 0.00279642058166 0.00279642058166 0.00279642058166 0.167225950783 0.00279642058166 0.00503355704698 0.00279642058166 0.0229306487696 0.00615212527964 0.00279642058166 0.357382550336 0.00279642058166 0.00279642058166 0.00279642058166 0.0766219239374 0.0162192393736 0.011744966443 0.00503355704698
2522588438 0.0102974828375 0.00800915331808 0.00572082379863 0.012585812357 0.012585812357 0.0606407322654 0.0102974828375 0.00572082379863 0.0171624713959 0.012585812357 0.0171624713959 0.0171624713959 0.033180778032 0.00800915331808 0.00572082379863 0.00572082379863 0.0606407322654 0.683066361556 0.00800915331808 0.00572082379863
1607273485 0.00541795665635 0.00386996904025 0.0147058823529 0.00386996904025 0.00851393188854 0.0828173374613 0.00851393188854 0.00696594427245 0.00541795665635 0.03173374613 0.0348297213622 0.0131578947368 0.0425696594427 0.00541795665635 0.00386996904025 0.00696594427245 0.0410216718266 0.655572755418 0.0100619195046 0.0147058823529
397021364 0.00497017892644 0.00497017892644 0.00497017892644 0.798210735586 0.00497017892644 0.00497017892644 0.0129224652087 0.00695825049702 0.00497017892644 0.00497017892644 0.00894632206759 0.00497017892644 0.0407554671968 0.00497017892644 0.00497017892644 0.00497017892644 0.0109343936382 0.00497017892644 0.0546719681909 0.00695825049702
988105718 0.0330188679245 0.0235849056604 0.0235849056604 0.0330188679245 0.0330188679245 0.146226415094 0.0235849056604 0.0330188679245 0.0235849056604 0.0330188679245 0.155660377358 0.174528301887 0.0235849056604 0.0707547169811 0.0235849056604 0.0330188679245 0.0235849056604 0.0235849056604 0.0330188679245 0.0330188679245
1709885078 0.00584307178631 0.00918196994992 0.00417362270451 0.0191986644407 0.00918196994992 0.0893155258765 0.0225375626043 0.00417362270451 0.00751252086811 0.00417362270451 0.0358931552588 0.00584307178631 0.050918196995 0.00417362270451 0.00417362270451 0.0175292153589 0.0208681135225 0.660267111853 0.00918196994992 0.0158597662771
14382508 0.018932038835 0.00922330097087 0.00242718446602 0.00242718446602 0.0140776699029 0.179126213592 0.00339805825243 0.00242718446602 0.0111650485437 0.0228155339806 0.0334951456311 0.00339805825243 0.138349514563 0.00339805825243 0.00436893203883 0.00825242718447 0.502427184466 0.00242718446602 0.0344660194175 0.00339805825243
29775101 0.000421088091629 0.000421088091629 0.000421088091629 0.000757958564932 0.00109482903823 0.0683004884622 0.647043961597 0.000421088091629 0.000926393801583 0.00109482903823 0.00665319184773 0.000757958564932 0.0757116388749 0.000421088091629 0.0248441974061 0.0347818763685 0.118494188984 0.00277918140475 0.00244231093145 0.0122115546572
129019194 0.00947930574099 0.000667556742323 0.000934579439252 0.000667556742323 0.000667556742323 0.180106809079 0.00280373831776 0.000667556742323 0.00120160213618 0.301869158879 0.144592790387 0.251401869159 0.0265687583445 0.00120160213618 0.000667556742323 0.000667556742323 0.00600801068091 0.0142857142857 0.00173564753004 0.0538050734312
2431912844 0.0353535353535 0.0353535353535 0.0252525252525 0.0252525252525 0.0252525252525 0.106060606061 0.0959595959596 0.0353535353535 0.0252525252525 0.0656565656566 0.0353535353535 0.0454545454545 0.106060606061 0.0252525252525 0.0252525252525 0.0454545454545 0.0858585858586 0.0757575757576 0.0454545454545 0.0353535353535
1261056434 0.0416666666667 0.0416666666667 0.0416666666667 0.0416666666667 0.0416666666667 0.108333333333 0.0416666666667 0.0416666666667 0.0416666666667 0.0416666666667 0.0416666666667 0.0583333333333 0.108333333333 0.0416666666667 0.0416666666667 0.0583333333333 0.0416666666667 0.0416666666667 0.0416666666667 0.0416666666667
2829094166 0.0530303030303 0.0378787878788 0.0378787878788 0.0378787878788 0.0530303030303 0.0984848484848 0.0378787878788 0.0378787878788 0.0378787878788 0.0378787878788 0.0681818181818 0.0378787878788 0.113636363636 0.0378787878788 0.0378787878788 0.0378787878788 0.0530303030303 0.0681818181818 0.0378787878788 0.0378787878788
851316548 0.0368852459016 0.0286885245902 0.0368852459016 0.0204918032787 0.0286885245902 0.290983606557 0.0286885245902 0.0204918032787 0.0204918032787 0.0286885245902 0.0286885245902 0.0204918032787 0.184426229508 0.0286885245902 0.0204918032787 0.0204918032787 0.0204918032787 0.0614754098361 0.0204918032787 0.0532786885246
1173483973 0.0257731958763 0.0463917525773 0.0360824742268 0.0257731958763 0.0360824742268 0.118556701031 0.0360824742268 0.0257731958763 0.0257731958763 0.128865979381 0.170103092784 0.0257731958763 0.0670103092784 0.0257731958763 0.0360824742268 0.0257731958763 0.0360824742268 0.0463917525773 0.0257731958763 0.0360824742268
361468994 0.0158562367865 0.0116279069767 0.00528541226216 0.00528541226216 0.0137420718816 0.278012684989 0.0137420718816 0.00528541226216 0.0137420718816 0.0116279069767 0.0581395348837 0.00528541226216 0.385835095137 0.0137420718816 0.00739957716702 0.0158562367865 0.106765327696 0.00951374207188 0.0179704016913 0.00528541226216
2416565622 0.00391849529781 0.00862068965517 0.00548589341693 0.00391849529781 0.00391849529781 0.0274294670846 0.0117554858934 0.00391849529781 0.00705329153605 0.00705329153605 0.00548589341693 0.00548589341693 0.0180250783699 0.00391849529781 0.00391849529781 0.00705329153605 0.019592476489 0.829937304075 0.00862068965517 0.0148902821317
2398426238 0.0223880597015 0.00533049040512 0.00533049040512 0.00746268656716 0.00959488272921 0.0159914712154 0.00746268656716 0.0138592750533 0.00533049040512 0.0245202558635 0.0202558635394 0.00533049040512 0.0245202558635 0.0309168443497 0.00959488272921 0.00959488272921 0.0415778251599 0.726012793177 0.00959488272921 0.00533049040512
2755377534 0.0242346938776 0.00892857142857 0.00637755102041 0.00892857142857 0.0165816326531 0.174744897959 0.0344387755102 0.0114795918367 0.0114795918367 0.0191326530612 0.0293367346939 0.00637755102041 0.496173469388 0.00892857142857 0.00892857142857 0.00637755102041 0.0165816326531 0.0216836734694 0.0216836734694 0.0676020408163
1419413276 0.022633744856 0.0185185185185 0.0102880658436 0.0102880658436 0.0102880658436 0.265432098765 0.0102880658436 0.0102880658436 0.0102880658436 0.0555555555556 0.302469135802 0.137860082305 0.0144032921811 0.0144032921811 0.0185185185185 0.0185185185185 0.0185185185185 0.0267489711934 0.0144032921811 0.0102880658436
2467946652 0.00523952095808 0.00673652694611 0.00374251497006 0.00374251497006 0.00523952095808 0.0247005988024 0.00523952095808 0.00523952095808 0.00973053892216 0.00823353293413 0.0217065868263 0.00673652694611 0.0232035928144 0.00374251497006 0.00523952095808 0.00374251497006 0.00823353293413 0.837574850299 0.00823353293413 0.00374251497006
2440782624 0.00525210084034 0.00525210084034 0.00525210084034 0.00525210084034 0.00525210084034 0.0577731092437 0.0283613445378 0.00525210084034 0.00525210084034 0.0430672268908 0.0115546218487 0.0136554621849 0.0388655462185 0.00735294117647 0.00525210084034 0.00735294117647 0.0514705882353 0.677521008403 0.00945378151261 0.0115546218487
2418417762 0.00531914893617 0.00531914893617 0.00531914893617 0.013829787234 0.00744680851064 0.0585106382979 0.00744680851064 0.00744680851064 0.0117021276596 0.0159574468085 0.0202127659574 0.00531914893617 0.0393617021277 0.00531914893617 0.00744680851064 0.0159574468085 0.00531914893617 0.737234042553 0.0202127659574 0.00531914893617
15933898 0.0428571428571 0.0428571428571 0.0333333333333 0.0238095238095 0.0333333333333 0.119047619048 0.052380952381 0.0238095238095 0.0714285714286 0.0238095238095 0.0238095238095 0.0238095238095 0.157142857143 0.0238095238095 0.0333333333333 0.0619047619048 0.052380952381 0.1 0.0238095238095 0.0333333333333
142889259 0.0466101694915 0.021186440678 0.021186440678 0.0381355932203 0.0550847457627 0.0805084745763 0.021186440678 0.021186440678 0.0635593220339 0.114406779661 0.0466101694915 0.021186440678 0.182203389831 0.0296610169492 0.0635593220339 0.021186440678 0.0466101694915 0.021186440678 0.0296610169492 0.0550847457627
2436210206 0.00884086444008 0.0049115913556 0.0049115913556 0.0049115913556 0.0049115913556 0.0147347740668 0.016699410609 0.0049115913556 0.00687622789784 0.0049115913556 0.016699410609 0.0049115913556 0.0520628683694 0.0049115913556 0.00687622789784 0.0127701375246 0.00687622789784 0.794695481336 0.0186640471513 0.0049115913556
16854311 0.00155592165477 0.000457624016108 0.000457624016108 0.000457624016108 0.00100677283544 0.275764232107 0.504210140948 0.000640673622552 0.000823723228995 0.0196778326927 0.116144975288 0.00283726889987 0.0586673988651 0.000457624016108 0.000457624016108 0.000823723228995 0.00649826102874 0.00814570748673 0.000457624016108 0.000457624016108
1671583724 0.0119496855346 0.00691823899371 0.00314465408805 0.00314465408805 0.00314465408805 0.0106918238994 0.00314465408805 0.00314465408805 0.0132075471698 0.00691823899371 0.00817610062893 0.00314465408805 0.0194968553459 0.00314465408805 0.00566037735849 0.00566037735849 0.0245283018868 0.853459119497 0.00566037735849 0.00566037735849
1376353224 0.00328947368421 0.00328947368421 0.00460526315789 0.00986842105263 0.00855263157895 0.0335526315789 0.00460526315789 0.00592105263158 0.00328947368421 0.00986842105263 0.0151315789474 0.0111842105263 0.0480263157895 0.00328947368421 0.00460526315789 0.00723684210526 0.0177631578947 0.7875 0.0111842105263 0.00723684210526
42531027 0.00145800933126 0.00048600311042 0.00048600311042 0.00048600311042 0.000680404354588 0.204218506998 0.00126360808709 0.0018468118196 0.00126360808709 0.0273133748056 0.306862363919 0.421559097978 0.012733281493 0.00942846034215 0.000874805598756 0.00106920684292 0.00437402799378 0.00048600311042 0.00145800933126 0.00165241057543
2892378024 0.0409836065574 0.0409836065574 0.0409836065574 0.0409836065574 0.0409836065574 0.0573770491803 0.106557377049 0.0409836065574 0.0409836065574 0.0409836065574 0.0409836065574 0.0573770491803 0.0737704918033 0.0409836065574 0.0573770491803 0.0409836065574 0.0409836065574 0.0573770491803 0.0573770491803 0.0409836065574
1679274703 0.00502008032129 0.00502008032129 0.00502008032129 0.00502008032129 0.00502008032129 0.031124497992 0.00502008032129 0.00502008032129 0.00903614457831 0.0170682730924 0.039156626506 0.0070281124498 0.0251004016064 0.00502008032129 0.0070281124498 0.00502008032129 0.0230923694779 0.762048192771 0.0251004016064 0.00903614457831
61149653 0.00184921763869 0.000711237553343 0.00128022759602 0.000711237553343 0.00355618776671 0.214366998578 0.00128022759602 0.000711237553343 0.00128022759602 0.0698435277383 0.537837837838 0.13186344239 0.0152204836415 0.00469416785206 0.000711237553343 0.00128022759602 0.000711237553343 0.00128022759602 0.00184921763869 0.00896159317212
31619861 0.00089253837915 0.00124955373081 0.00124955373081 0.00160656908247 0.00089253837915 0.0790789003927 0.00267761513745 0.00303463048911 0.0205283827205 0.00232059978579 0.00267761513745 0.00089253837915 0.542484826848 0.00124955373081 0.00089253837915 0.139414494823 0.177615137451 0.00089253837915 0.00089253837915 0.0194573366655
21645910 0.00346260387812 0.00115420129271 0.00115420129271 0.00161588180979 0.00207756232687 0.282317636196 0.00484764542936 0.00207756232687 0.00207756232687 0.0108494921514 0.267082179132 0.350184672207 0.0427054478301 0.00854108956602 0.00115420129271 0.00346260387812 0.00161588180979 0.0039242843952 0.00300092336103 0.00669436749769
2450159066 0.00954861111111 0.00434027777778 0.00434027777778 0.00607638888889 0.0182291666667 0.0859375 0.00954861111111 0.00607638888889 0.0130208333333 0.0078125 0.0164930555556 0.0112847222222 0.0946180555556 0.00434027777778 0.0078125 0.00434027777778 0.0407986111111 0.641493055556 0.00954861111111 0.00434027777778
